0 1.0,0.0
1 1.0,0.0
2 1.0,0.0
3 1.0,0.0
4 0.9984603532054125,0.05547001962252291
5 0.9997166737441362,0.023802777946288958
6 1.0,0.0
7 1.0,0.0
8 1.0,0.0
9 1.0,0.0
10 1.0,0.0
11 1.0,0.0
12 1.0,0.0
13 1.0,0.0
14 1.0,0.0
15 1.0,0.0
16 0.9982743731749958,0.058722021951470346
17 0.9982743731749958,0.058722021951470346
18 1.0,0.0
19 1.0,0.0
20 1.0,0.0
21 1.0,0.0
22 1.0,0.0
23 1.0,0.0
24 1.0,0.0
25 1.0,0.0
26 1.0,0.0
27 1.0,0.0
28 0.9999990192169723,0.001400558850443939
29 1.0,0.0
30 1.0,0.0
31 1.0,0.0
32 1.0,0.0
33 1.0,0.0
34 1.0,0.0
35 1.0,0.0
36 1.0,0.0
37 1.0,0.0
38 1.0,0.0
39 1.0,0.0
40 1.0,0.0
41 1.0,0.0
42 1.0,0.0
43 1.0,0.0
44 1.0,0.0
45 1.0,0.0
46 1.0,0.0
47 1.0,0.0
48 1.0,0.0
49 1.0,0.0
50 1.0,0.0
51 1.0,0.0
52 1.0,0.0
53 1.0,0.0
54 1.0,0.0
55 1.0,0.0
56 1.0,0.0
57 1.0,0.0
58 1.0,0.0
59 1.0,0.0
60 1.0,0.0
61 1.0,0.0
62 1.0,0.0
63 1.0,0.0
64 1.0,0.0
65 1.0,0.0
66 1.0,0.0
67 1.0,0.0
68 1.0,0.0
69 0.9950371902099892,0.09950371902099892
70 0.9950371902099892,0.09950371902099892
71 0.9938837346736188,0.11043152607484653
72 1.0,0.0
73 1.0,0.0
74 1.0,0.0
75 0.9938837346736188,0.11043152607484653
76 0.9988681377244377,0.04756514941544941
77 1.0,0.0
78 1.0,0.0
79 0.9974586998307349,0.07124704998790964
80 1.0,0.0
81 1.0,0.0
82 1.0,0.0
83 1.0,0.0
84 1.0,0.0
85 1.0,0.0
86 1.0,0.0
87 1.0,0.0
88 1.0,0.0
89 1.0,0.0
90 0.986393923832144,0.16439898730535732
91 1.0,0.0
92 1.0,0.0
93 1.0,0.0
94 1.0,0.0
95 1.0,0.0
96 1.0,0.0
97 1.0,0.0
98 1.0,0.0
99 1.0,0.0
100 1.0,0.0
101 1.0,0.0
102 1.0,0.0
103 1.0,0.0
104 1.0,0.0
105 1.0,0.0
106 1.0,0.0
107 1.0,0.0
108 1.0,0.0
109 1.0,0.0
110 1.0,0.0
111 1.0,0.0
112 1.0,0.0
113 1.0,0.0
114 1.0,0.0
115 1.0,0.0
116 1.0,0.0
117 1.0,0.0
118 0.6747691995449357,0.7380288120022734
119 0.6507913734559686,0.7592566023652967
120 0.6246950475544243,0.7808688094430304
121 0.6246950475544243,0.7808688094430304
122 0.6246950475544243,0.7808688094430304
123 0.6246950475544243,0.7808688094430304
124 0.6246950475544243,0.7808688094430304
125 0.6246950475544243,0.7808688094430304
