1 2
1 3
1 4
1 5
1 6
1 7
1 8
1 9
1 10
1 11
1 12
1 13
1 14
1 15
1 16
1 17
1 18
1 19
1 112
1 113
1 114
1 115
1 116
1 117
1 118
1 119
1 110
1 111
1 112
1 113
1 114
1 115
1 116
1 117
1 118
1 119
1 222
1 223
1 224
1 225
1 226
1 227
1 228
1 229
20 21
20 22
20 23
20 24
20 25
20 26
20 27
20 28
20 29
20 30
20 31
20 32
20 33
20 34
20 35
20 36
20 37
20 38
20 39
20 121
20 122
20 123
20 124
20 125
20 126
20 127
20 128
20 129
20 130
20 131
20 132
20 133
20 134
20 135
20 136
20 137
20 138
20 139
20 221
20 222
20 223
20 224
20 225
20 226
20 227
20 228
20 229
1 20
2 37
8 25
13 34
1 40
3 41
5 43
7 45
9 47
11 49
13 51
15 53
17 55
19 57
20 42
22 44
24 46
26 48
28 50
30 52
32 54
34 56
36 58
1001 2
1002 3
1003 4
1004 5
1005 6
1006 7
1007 8
1008 9
1009 10
1010 11
1011 12
1012 13
1013 14
1014 15
1015 16
1016 17
1017 18
1018 19
1019 112
1020 113
1021 114
1022 115
1023 116
1024 117
1025 118
1026 119
1027 110
1028 111
1029 112
1030 113
1031 114
1032 115
1033 116
1034 117
1035 118
1036 119
1037 222
1038 223
1039 224
1040 225