1 2
1 3
1 4
1 5
1 6
1 7
1 8
1 9
1 10
1 11
1 12
1 13
1 14
1 15
1 16
1 17
1 18
1 19
1 112
1 113
1 114
1 115
1 116
1 117
1 118
1 119
1 110
1 111
1 112
1 113
1 114
1 115
1 116
1 117
1 118
1 119
1 222
1 223
1 224
1 225
1 226
1 227
1 228
1 229
1 210
1 211
1 212
1 213
1 214
1 215
1 216
1 217
1 218
1 219
20 21
20 22
20 23
20 24
20 25
20 26
20 27
20 28
20 29
20 30
20 31
20 32
20 33
20 34
20 35
20 36
20 37
20 38
20 39
20 121
20 122
20 123
20 124
20 125
20 126
20 127
20 128
20 129
20 130
20 131
20 132
20 133
20 134
20 135
20 136
20 137
20 138
20 139
20 221
20 222
20 223
20 224
20 225
20 226
20 227
20 228
20 229
20 230
20 231
20 232
20 233
20 234
20 235
20 236
20 237
20 238
20 239
1 500
500 20
40 21
41 2
42 3
43 4
44 5
45 6
46 7
47 8
48 9
49 10
50 11
51 12
52 13
53 14
54 15
55 16
56 17
57 18
58 19